tDefault,32,576,0,0,32,32,0,1,1,4294967295
tDefault,64,576,0,0,32,32,0,1,1,4294967295
tDefault,96,576,0,0,32,32,0,1,1,4294967295
tDefault,128,576,0,0,32,32,0,1,1,4294967295
tDefault,160,576,0,0,32,32,0,1,1,4294967295
tDefault,192,576,0,0,32,32,0,1,1,4294967295
tDefault,224,576,0,0,32,32,0,1,1,4294967295
tDefault,256,576,0,0,32,32,0,1,1,4294967295
tDefault,288,576,0,0,32,32,0,1,1,4294967295
tDefault,320,576,0,0,32,32,0,1,1,4294967295
tDefault,352,576,0,0,32,32,0,1,1,4294967295
tDefault,384,576,0,0,32,32,0,1,1,4294967295
tDefault,416,576,0,0,32,32,0,1,1,4294967295
tDefault,448,576,0,0,32,32,0,1,1,4294967295
tDefault,480,576,0,0,32,32,0,1,1,4294967295
tDefault,512,576,0,0,32,32,0,1,1,4294967295
tDefault,544,576,0,0,32,32,0,1,1,4294967295
tDefault,576,576,0,0,32,32,0,1,1,4294967295
tDefault,608,576,0,0,32,32,0,1,1,4294967295
tDefault,640,576,0,0,32,32,0,1,1,4294967295
tDefault,672,576,0,0,32,32,0,1,1,4294967295
tDefault,704,576,0,0,32,32,0,1,1,4294967295
tDefault,736,576,0,0,32,32,0,1,1,4294967295
tDefault,0,576,32,0,32,32,0,1,1,4294967295
tDefault,0,544,32,0,32,32,0,1,1,4294967295
tDefault,0,512,32,0,32,32,0,1,1,4294967295
tDefault,0,480,32,0,32,32,0,1,1,4294967295
tDefault,0,448,32,0,32,32,0,1,1,4294967295
tDefault,0,416,32,0,32,32,0,1,1,4294967295
tDefault,0,384,32,0,32,32,0,1,1,4294967295
tDefault,0,352,32,0,32,32,0,1,1,4294967295
tDefault,0,320,32,0,32,32,0,1,1,4294967295
tDefault,0,288,32,0,32,32,0,1,1,4294967295
tDefault,0,256,32,0,32,32,0,1,1,4294967295
tDefault,0,224,32,0,32,32,0,1,1,4294967295
tDefault,0,192,32,0,32,32,0,1,1,4294967295
tDefault,0,160,32,0,32,32,0,1,1,4294967295
tDefault,0,128,32,0,32,32,0,1,1,4294967295
tDefault,0,96,32,0,32,32,0,1,1,4294967295
tDefault,0,64,32,0,32,32,0,1,1,4294967295
tDefault,0,32,32,0,32,32,0,1,1,4294967295
tDefault,0,0,32,0,32,32,0,1,1,4294967295
tDefault,32,0,32,0,32,32,0,1,1,4294967295
tDefault,64,0,32,0,32,32,0,1,1,4294967295
tDefault,96,0,32,0,32,32,0,1,1,4294967295
tDefault,128,0,32,0,32,32,0,1,1,4294967295
tDefault,160,0,32,0,32,32,0,1,1,4294967295
tDefault,192,0,32,0,32,32,0,1,1,4294967295
tDefault,224,0,32,0,32,32,0,1,1,4294967295
tDefault,256,0,32,0,32,32,0,1,1,4294967295
tDefault,288,0,32,0,32,32,0,1,1,4294967295
tDefault,320,0,32,0,32,32,0,1,1,4294967295
tDefault,352,0,32,0,32,32,0,1,1,4294967295
tDefault,384,0,32,0,32,32,0,1,1,4294967295
tDefault,416,0,32,0,32,32,0,1,1,4294967295
tDefault,448,0,32,0,32,32,0,1,1,4294967295
tDefault,480,0,32,0,32,32,0,1,1,4294967295
tDefault,512,0,32,0,32,32,0,1,1,4294967295
tDefault,544,0,32,0,32,32,0,1,1,4294967295
tDefault,576,0,32,0,32,32,0,1,1,4294967295
tDefault,608,0,32,0,32,32,0,1,1,4294967295
tDefault,640,0,32,0,32,32,0,1,1,4294967295
tDefault,672,0,32,0,32,32,0,1,1,4294967295
tDefault,704,0,32,0,32,32,0,1,1,4294967295
tDefault,736,0,32,0,32,32,0,1,1,4294967295
tDefault,768,0,32,0,32,32,0,1,1,4294967295
tDefault,768,32,32,0,32,32,0,1,1,4294967295
tDefault,768,64,32,0,32,32,0,1,1,4294967295
tDefault,768,96,32,0,32,32,0,1,1,4294967295
tDefault,768,128,32,0,32,32,0,1,1,4294967295
tDefault,768,160,32,0,32,32,0,1,1,4294967295
tDefault,768,192,32,0,32,32,0,1,1,4294967295
tDefault,768,224,32,0,32,32,0,1,1,4294967295
tDefault,768,256,32,0,32,32,0,1,1,4294967295
tDefault,768,288,32,0,32,32,0,1,1,4294967295
tDefault,768,320,32,0,32,32,0,1,1,4294967295
tDefault,768,352,32,0,32,32,0,1,1,4294967295
tDefault,768,384,32,0,32,32,0,1,1,4294967295
tDefault,768,416,32,0,32,32,0,1,1,4294967295
tDefault,768,448,32,0,32,32,0,1,1,4294967295
tDefault,768,480,32,0,32,32,0,1,1,4294967295
tDefault,768,512,32,0,32,32,0,1,1,4294967295
tDefault,768,544,32,0,32,32,0,1,1,4294967295
tDefault,768,576,32,0,32,32,0,1,1,4294967295
